0 0.41940247312245893 0.42285548733684386 0.42101471812571134 0.2805085300760107
0 0.6848513251211579 0.48150571178338886 0.28290078738819313 0.18505883197589004
0 0.7373700361827125 0.6830305902320915 0.4450220051691332 0.284861837402957
0 0.5699169138534719 0.8676899525111347 0.4073574865612294 0.2395559814554918
0 0.4007114736396161 0.6793788042747286 0.2588935003447716 0.18070552464894368
0 0.1975511586843388 0.6206190372005583 0.19909557443161488 0.18376192559888338
0 0.6461555511717353 0.10929867763504837 0.4516861023434705 0.21859735527009674
0 0.8337620895074401 0.47233767243512403 0.3324758209851197 0.2879115943003619
0 0.9182628990356154 0.8926125508838265 0.16347420192876924 0.14369684757972223
0 0.7683207126130263 0.9306425746282592 0.18114728256383153 0.08532442559888338
0 0.21902691833306215 0.8119400780191611 0.17937051895267517 0.2198698439616777
0 0.26558408373556674 0.1848375881959265 0.433964130255326 0.3260666915414
0 0.9104118566506749 0.2749536601106522 0.17917628669865024 0.3234728787873868