0 0.3331268419398664 0.4311557084453697 0.37485673870145303 0.2692361611547437
0 0.5862422039306395 0.49025785681660566 0.2519635840229082 0.17748019237293705
0 0.6018655619032772 0.6911928742398008 0.3983124200349984 0.2716171166897066
0 0.4044803898790965 0.8761383370311577 0.36811584269572606 0.22683040634542023
0 0.2692257845719589 0.6879711928362731 0.2284897213558171 0.1735367368379741
0 0.08120235729631989 0.6290848100741337 0.16240471459263978 0.1793303798517325
0 0.6158148093173189 0.11073905944116161 0.40899538136536223 0.22147811888232322
0 0.7761132259309577 0.48128461698340663 0.3671351453691802 0.27677584264308946
0 0.7938423345401422 0.9039309432996092 0.2359567760184536 0.14412205534962866
0 0.5903718892027787 0.9407117246026205 0.16651588534372674 0.08234625244707061
0 0.06847454328454769 0.8209002878416152 0.13694908656909538 0.21444942431676955
0 0.2226546079726376 0.19370532686435676 0.37849081604072543 0.3130952885594054
0 0.8908586206238202 0.28438728041558503 0.21453740404199806 0.3167410998146655