0 0.521875 0.3296875 0.190625 0.340625
0 0.50859375 0.5921875 0.1234375 0.2296875
0 0.31328125 0.65234375 0.1875 0.365625
0 0.1 0.49609375 0.146875 0.3421875
0 0.26015625 0.32265625 0.1265625 0.2046875
0 0.28359375 0.12109375 0.146875 0.1421875
0 0.90703125 0.53125 0.1796875 0.378125
0 0.55 0.77734375 0.2 0.3296875
0 0.096875 0.89765625 0.1875 0.2
0 0.046875 0.7 0.09375 0.15
0 0.08515625 0.1046875 0.1703125 0.2046875
0 0.73203125 0.16875 0.2375 0.3328125
0 0.7765625 0.88359375 0.265625 0.2328125