0 0.478125 0.6703125 0.190625 0.340625
0 0.49140625 0.4078125 0.1234375 0.2296875
0 0.68671875 0.34765625 0.1875 0.365625
0 0.9 0.50390625 0.146875 0.3421875
0 0.73984375 0.67734375 0.1265625 0.2046875
0 0.71640625 0.87890625 0.146875 0.1421875
0 0.09296875 0.46875 0.1796875 0.378125
0 0.45 0.22265625 0.2 0.3296875
0 0.903125 0.10234375 0.1875 0.2
0 0.953125 0.3 0.09375 0.15
0 0.91484375 0.8953125 0.1703125 0.2046875
0 0.26796875 0.83125 0.2375 0.3328125
0 0.2234375 0.11640625 0.265625 0.2328125